1 0.290625 0.859375 0.087500 0.260417
1 0.142187 0.729167 0.028125 0.095833
1 0.514062 0.770833 0.031250 0.145833
1 0.476562 0.778125 0.040625 0.160417
1 0.392969 0.759375 0.032813 0.160417
1 0.353906 0.740625 0.032813 0.102083
1 0.228906 0.725000 0.032813 0.087500
1 0.203906 0.720833 0.029687 0.075000
27 0.616406 0.702083 0.185938 0.237500
1 0.864062 0.725000 0.025000 0.087500
1 0.821094 0.706250 0.017188 0.045833
1 0.743750 0.707292 0.012500 0.064583
1 0.759375 0.703125 0.012500 0.068750
1 0.907031 0.722917 0.023438 0.079167
1 0.925000 0.711458 0.018750 0.056250
