15 0.135156 0.490625 0.245312 0.139583
15 0.332031 0.732292 0.292187 0.435417
15 0.346875 0.334375 0.237500 0.147917
15 0.620313 0.388542 0.215625 0.131250
15 0.783594 0.592708 0.229687 0.206250
15 0.689063 0.840625 0.237500 0.260417
15 0.911719 0.790625 0.176563 0.239583
15 0.864062 0.467708 0.250000 0.164583
15 0.882031 0.352083 0.204687 0.116667
15 0.764062 0.239583 0.156250 0.104167
15 0.664844 0.290625 0.164062 0.122917
15 0.635156 0.137500 0.142187 0.075000
15 0.523438 0.175000 0.184375 0.125000
15 0.364063 0.179167 0.134375 0.062500
15 0.246875 0.211458 0.140625 0.060417
15 0.150781 0.277083 0.189062 0.079167
15 0.048438 0.366667 0.093750 0.133333
